7
9
13
17
19
21-23
37
42
49
53
67-69
80
88
111-113
120
123
135-139
158
161-162
177
192
199
363
389
407
427
434
443
445
464
497
500
512-515
517-518
520
539
593
623
626
631
664
682-686
767
780-782
786
800
983
989-990
996-1001
1008
1014
1019
1021-1034
1036-1039
1041
1043-1045
1047-1049
1054
1056
1065-1066
1068
1080
1090
1419
1433-1434
1485
1645-1646
1701
1718-1719
1761
1782
1812-1813
1885-1886
1900
2000
2002
2048-2049
2051
2148
2222-2223
2967
3052
3130
3283
3389
3401
3456
3659
3703
4000
4045
4444
4500
4672
5000-5003
5050
5060
5093
5351
5353
5355
5500
5632
6000-6001
6004
6346-6347
6970-6971
7000
7938
8193
9103
9200
9876
9950
10000
10080
11487
16680
16832
16947
17185
18449
19120
19283
19503
19616
19682
20019
20031
20126
20389
21383
22846
22986
22996
25375
27015
27195
27892
28547
29823
30303
30365
30718
31073
31337
31681
31891
32768-32775
32777
32779
32815
32818
32931
33281
33354-33355
33744
34125
34555
34861-34862
34892
35438
35777
36206
37444
38037
38293
39213
39888
40116
40441
41058
41524
42172
44968
49152-49154
49156
49158-49160
49162-49163
49165-49169
49171-49172
49174-49175
49179-49182
49184-49196
49198-49202
49204-49205
49208-49213
49215
52225
52503
53571
54321
58002
65024
